Aleena 1132 12 female 35201 0 1719584321
Aleena 1132 12 female 35201 0 1719584321
Ahmad 123 12 Male 123 0 1719749500
Aleena 1132 12 female 35201 0 1719584321
Ahmad 123 12 Male 123 0 1719749523
Aleena 1132 12 female 35201 0 1719584321
Aleena 1132 12 female 35201 0 1719584321
Ahmad 123 12 Male 123 0 1719749500
Aleena 1132 12 female 35201 0 1719584321
Ahmad 123 12 Male 123 0 1719749523
aleena 123 23 female 234 0 1720084648
Aleena 1132 12 female 35201 0 1719584321
Aleena 1132 12 female 35201 0 1719584321
Ahmad 123 12 Male 123 0 1720152531
Aleena 1132 12 female 35201 0 1719584321
Ahmad 123 12 Male 123 0 1719749523
Aleena 1132 12 female 35201 0 1719584321
Aleena 1132 12 female 35201 0 1719584321
Ahmad 123 12 Male 123 0 1719749500
Aleena 1132 12 female 35201 0 1719584321
Ahmad 123 12 Male 123 0 1719749523
aleena 123 23 female 234 0 1720084648
